39.984059	116.307621
39.981954	116.304703
39.984355	116.312256
39.980442	116.315346
39.981527	116.308994
39.979751	116.310539
39.977252	116.305776
39.984026	116.316419
39.976956	116.314874
39.978501	116.311827
39.980277	116.312814
39.980236	116.369022
39.978838	116.368486
39.977161	116.367488
39.915398	116.396713
39.937645	116.455421
39.896304	116.321182
31.254487	121.452827
31.225133	121.485443
31.216912	121.442528
31.251552	121.500893
31.249204	121.455917
22.546885	114.042892
22.538086	113.999805
22.534756	114.082031